A <- 3 = 3 
B <- 10 = 10
C <- A + B = 13
B <- A + B = 13
A <- C = 13

A = 13 
B = 13
C = 13