Excerce 1.3

A <- 5 = 5
B <- A + 4 = 9
A <- A + 1 = 6
B <- A - 4 = 2

A = 6
B = 2
