Excercice 1

a <- 1 = 1
b <- a + 3 = 4
a <- 7

A = 7
B = 4