A <- 5 = 5 
B <- 3 = 3
C <- A + B = 8
A <- 2 = 2
C <- B - A = 1

A = 2
B = 3
C = 1